1
13
8
9
7
8
8
8
13
8
8
8
8
9
1
9
7
8
8
13
8
8
3
7
8
3
7
8
8
9
7
11
9
5
5
1
9
7
11
3
7
8
9
4
3
5
5
1
9
4
8
8
9
4
8
8
6
2
7
6
4
9
0
4
11
8
6
4
13
9
4
9
4
8
8
6
5
7
11
9
7
3
4
8
8
8
8
12
10
9
7
11
8
8
8
8
8
9
0
4
9
4
9
7
8
9
5
10
9
10
11
8
8
9
7
8
9
5
5
5
5
7
8
8
9
7
9
4
9
7
14
9
4
6
2
4
6
0
5
4
8
3
7
12
5
7
6
4
6
5
0
4
9
2
4
12
4
8
6
5
5
4
13
8
12
7
8
8
6
7
9
7
6
4
6
4
8
8
8
6
7
8
6
10
9
4
8
9
7
6
4
3
4
9
4
6
7
8
9
5
5
5
7
9
1
8
8
9
7
3
5
7
9
5
4
8
3
5
5
7
8
8
8
6
7
8
11
3
4
12
4
6
5
4
9
7
3
5
4
9
5
5
5
4
8
8
8
6
5
5
7
9
7
9
5
7
9
7
8
6
7
8
14
9
5
4
8
11
8
12
5
5
5
2
7
8
8
8
6
4
6
5
5
5
4
6
5
4
9
7
6
1
12
0
4
9
7
8
13
6
4
6
5
5
4
8
8
9
1
9
1
6
5
5
7
8
11
3
5
5
7
8
6
7
9
5
4
3
4
9
7
9
4
12
7
8
9
4
8
6
7
9
5
4
12
1
9
7
6
5
5
1
8
12
0
4
8
8
8
6
5
4
3
5
5
1
6
7
9
7
12
4
6
7
6
7
6
4
8
6
5
7
9
5
7
3
7
8
9
2
5
7
8
6
5
7
8
6
4
6
4
8
3
5
7
6
1
8
8
13
6
5
4
6
5
7
6
2
5
5
5
5
7
8
6
4
9
1
8
9
7
8
8
12
4
8
9
7
9
5
1
12
7
9
10
12
7
11
11
6
4
12
4
8
8
8
6
7
8
6
4
8
9
4
8
8
12
5
5
4
8
6
5
5
0
5
5
7
9
2
7
12
2
7
8
8
9
5
7
8
3
7
12
7
8
3
4
6
4
9
7
9
5
5
7
6
5
0
4
12
0
5
10
12
2
7
11
6
4
8
8
6
5
4
9
7
8
9
7
6
0
5
5
5
5
2
4
8
9
5
7
6
0
5
5
4
9
7
9
7
9
7
6
7
12
4
9
4
6
7
9
10
6
4
6
4
8
8
6
5
4
8
8
6
4
8
6
0
4
6
4
11
8
6
4
3
4
8
8
6
4
11
8
8
8
8
8
8
8
6