2
7
9
7
9
7
9
7
8
3
7
9
7
8
8
9
2
7
8
8
8
8
8
9
7
9
1
13
8
9
5
5
4
6
5
5
5
5
7
8
6
5
5
2
7
6
5
10
8
8
9
7
9
4
6
4
8
6
7
6
10
11
3
7
6
5
10
6
4
8
9
4
6
4
6
7
11
6
7
9
4
6
5
7
8
8
9
7
11
9
5
7
8
6
7
6
5
7
8
9
5
7
13
8
3
4
9
7
6
4
8
9
5
4
8
3
5
4
3
5
0
4
8
8
6
1
11
6
1
14
12
5
10
9
7
8
6
4
8
9
7
6
4
3
7
8
11
13
9
5
7
8
9
7
9
7
9
1
8
6
4
6
5
10
6
7
8
8
8
6
4
9
7
8
6
1
13
6
10
6
4
3
4
6
5
5
4
9
7
9
1
8
6
5
7
11
3
7
9
7
8
12
4
8
3
7
6
2
4
9
7
8
8
9
5
5
1
6
5
0
7
8
8
6
4
8
8
6
5
4
3
5
7
8
8
14
9
4
8
6
5
7
9
4
6
5
7
13
6
7
6
7
8
9
2
7
8
9
4
8
9
4
6
1
9
5
4
8
8
9
5
5
5
7
9
4
6
4
9
10
8
6
7
11
6
5
7
6
7
9
5
7
8
8
6
4
8
9
1
6
10
6
0
5
5
7
8
8
6
5
7
8
6
7
3
5
4
13
6
5
5
4
8
9
2
7
9
5
7
9
5
7
8
6
5
5
7
13
9
5
5
2
7
11
9
5
2
5
7
6
4
9
7
12
4
6
5
4
6
5
5
5
7
9
5
4
6
0
4
6
4
11
12
7
6
4
6
5
10
8
3
5
5
5
7
8
12
1
9
5
5
4
6
5
4
9
7
9
7
8
9
2
5
4
8
8
9
5
4
3
7
6
5
4
11
9
4
8
6
5
4
13
9
5
1
11
6
5
10
9
4
6
5
7
8
9
4
6
7
8
6
7
11
9
2
4
9
7
9
5
7
6
5
4
9
7
3
4
6
4
8
8
6
5
7
11
9
2
5
7
3
4
9
4
6
2
5
0
4
12
5
7
11
3
4
12
7
8
8
8
8
8
13
6
5
2
10
12
5
5
7
8
11
8
8
6
4
8
8
12
5
4
9
7
8
6
0
7
9
7
8
9
5
1
6
4
6
5
5
4
11
9
7
13
8
8
3
7
9
5
4
9
5
10
8
8
8
12
5
4
9
4
6
7
9
7
9
0
5
7
9
4
6
4
9
7
8
6
0
5
1
6
4
6
1
8
8
6
4
8
11
8
8
6
0
0
4
8
6
0
4
8
8
8
6
4
8
8
8
6