7
3
7
8
8
8
8
8
8
8
9
7
9
7
8
8
9
7
8
8
13
8
9
7
8
8
8
9
7
9
10
9
4
8
8
9
7
9
7
13
6
5
5
4
9
1
12
0
7
8
6
7
6
5
1
13
9
5
5
5
0
4
8
9
7
6
5
5
0
4
3
5
5
2
4
9
0
7
6
7
13
6
1
6
7
6
10
6
5
5
7
13
9
5
5
2
5
0
7
9
7
6
5
4
9
10
8
6
7
6
4
8
8
8
12
2
5
7
6
5
5
0
4
6
5
10
11
13
12
4
6
2
5
7
6
4
13
9
4
9
7
8
9
7
6
4
12
5
1
12
4
8
13
3
4
6
7
6
4
3
7
6
4
11
13
8
6
5
7
6
5
7
6
5
1
9
0
4
9
5
7
8
12
7
8
9
10
8
8
13
6
7
9
1
12
7
9
5
4
8
6
4
3
10
8
6
7
8
6
5
5
2
5
5
7
6
5
7
9
0
7
6
10
9
4
6
0
4
13
13
8
8
9
5
7
13
12
7
9
5
4
6
5
5
0
7
6
5
4
9
0
7
6
4
8
8
8
8
6
4
13
3
5
5
0
5
5
5
5
5
7
9
5
4
8
6
7
6
1
6
7
14
9
1
8
9
7
13
8
8
6
7
6
4
9
5
5
5
0
5
5
4
6
7
8
8
12
7
9
7
6
0
5
7
9
4
6
5
7
8
9
0
7
9
4
12
0
4
9
5
4
9
7
6
7
9
4
6
4
6
7
8
6
5
4
9
1
6
5
2
4
8
6
5
2
10
9
7
12
5
7
6
5
2
5
4
13
8
8
9
4
8
9
5
2
4
8
9
5
4
9
7
9
5
5
0
5
0
4
6
10
3
5
10
6
7
6
7
3
4
8
9
5
5
4
9
2
5
4
9
10
6
5
5
4
9
4
8
8
9
10
8
6
4
9
4
9
4
9
1
9
5
10
6
2
5
5
4
9
5
10
9
0
4
9
5
7
8
13
6
4
9
7
9
10
9
4
8
6
7
6
5
5
7
11
6
5
7
6
4
12
4
8
9
5
4
6
2
4
9
2
5
0
5
0
5
7
8
9
5
7
6
10
6
7
9
5
4
8
9
5
7
9
0
5
7
9
10
3
5
10
6
7
6
7
11
6
2
10
6
4
9
5
7
6
4
6
7
9
4
6
5
4
9
4
6
5
10
9
5
4
9
10
8
6
1
13
6
5
7
8
12
4
14
9
7
8
6
4
8
9
5
2
4
8
8
6
5
10
6
1
6
4
8
8
8
6
1
6
4
3
4
8
6
0
0
1
8
8
8
11
6
4
8
8
8
8
6
4
3